ID	Q_len	H_len	Aln_len	Per_ident
Cry22Ab1	45	799	32	59.375
Cry22Ba1	40	799	29	68.9655172413793
Cry22Ab1	45	799	21	66.6666666666667
Cry22Ab2	44	799	21	66.6666666666667
Cry41Aa1	51	526	15	86.6666666666667
Cry41Ab1	52	526	29	58.6206896551724
Cry41Ba2	54	526	31	58.0645161290323
Cry41Ba2	54	526	32	62.5
Cry41Aa1	52	526	52	55.7692307692308
Cry41Ab1	52	526	52	55.7692307692308
Vip1Aa2	55	976	52	61.5384615384615
Vip1Ba1	49	976	19	73.6842105263158
Vip1Ba2	49	976	19	73.6842105263158
Vip1Ba1	49	976	46	56.5217391304348
Vip1Ba2	49	976	46	56.5217391304348
Vip1Bb1	54	976	54	55.5555555555556
Vip1Da1	54	976	54	55.5555555555556
Cry22Ab2	45	725	38	57.8947368421053
Cry22Ba1	40	799	34	64.7058823529412
Cry22Aa1	45	799	42	57.1428571428571
Cry22Aa2	45	799	42	57.1428571428571
Cry22Aa3	45	799	42	57.1428571428571
Cry22Ba1	40	799	32	71.875
Vip1Aa2	55	976	54	57.4074074074074
ID	Q_len	H_len	Aln_len	Per_ident
Cry42Aa1	67	526	61	59.0163934426229
Cry41Ba2	72	526	72	56.9444444444444
Cry35Aa1	33	206	27	59.2592592592593
Cry35Aa2	33	206	27	59.2592592592593
Cry35Aa3	33	206	27	59.2592592592593
Cry35Aa4	33	206	27	59.2592592592593
Cry35Ab1	32	186	29	58.6206896551724
Cry35Ab2	32	186	29	58.6206896551724
Cry35Ab3	32	186	29	58.6206896551724
Cry41Aa1	69	526	65	55.3846153846154
Cry46Ab	26	231	19	63.1578947368421
Cry46Aa	28	231	28	60.7142857142857
Cry46Aa2	28	231	28	60.7142857142857
Vip1Aa2	73	976	69	57.9710144927536
Vip1Ba1	65	976	35	60
Vip1Bb1	71	976	53	58.4905660377358
Vip1Da1	73	976	53	56.6037735849057
Vip1Ba1	65	976	65	56.9230769230769
Vip1Ba2	66	976	65	56.9230769230769
Vip1Ca1	64	976	61	55.7377049180328
Cry22Ba1	53	799	42	61.9047619047619
Cry22Aa1	60	799	42	57.1428571428571
Cry22Aa2	60	799	42	57.1428571428571
Cry22Aa3	60	799	42	57.1428571428571
Cry22Ba1	53	799	42	59.5238095238095
Cry7Da1	96	141	22	63.6363636363636
Cry22Ab1	60	799	21	66.6666666666667
Cry22Ab2	59	799	21	66.6666666666667
ID	Q_len	H_len	Aln_len	Per_ident
Cry46Aa2	34	231	19	63.1578947368421
Cry46Ab	31	231	29	62.0689655172414
Vip1Aa2	88	976	41	63.4146341463415
Vip1Ba1	78	976	78	56.4102564102564
Vip1Ba2	79	976	79	56.9620253164557
Vip1Ca1	78	976	77	54.5454545454545
Cry22Aa1	72	799	42	57.1428571428571
Cry22Aa2	72	799	42	57.1428571428571
Cry22Aa3	72	799	42	57.1428571428571
Cry46Ab	31	231	27	59.2592592592593
Cry42Aa1	81	526	57	57.8947368421053
Cyt1Ca1	52	526	32	59.375
Cry41Ba2	86	526	52	61.5384615384615
Cry35Aa1	39	186	29	58.6206896551724
Cry35Aa2	39	186	29	58.6206896551724
Cry35Aa3	39	186	29	58.6206896551724
Cry35Aa4	39	186	29	58.6206896551724
ID	Q_len	H_len	Aln_len	Per_ident
Cry46Aa	42	231	32	59.375
Cry46Aa2	42	231	32	59.375
Vip1Aa2	110	976	107	56.0747663551402
Vip1Ba1	98	976	71	56.3380281690141
Vip1Ba2	98	976	71	56.3380281690141
Vip1Bb1	107	976	86	58.1395348837209
Vip1Da1	109	976	89	55.0561797752809
Cry22Aa1	90	799	42	57.1428571428571
Cry22Aa2	90	799	42	57.1428571428571
Cry22Ba1	79	799	46	58.695652173913
Cry22Aa1	90	799	21	66.6666666666667
Cry22Aa2	90	799	21	66.6666666666667
Cry22Ab1	90	799	21	66.6666666666667
Cry22Ab2	89	799	21	66.6666666666667
Cry41Aa1	103	526	31	58.0645161290323
Cry41Ba2	108	526	31	58.0645161290323
Cry35Aa1	49	186	29	58.6206896551724
Cry35Aa2	49	186	29	58.6206896551724
Cry35Aa3	49	186	29	58.6206896551724
Cry35Aa4	49	186	29	58.6206896551724
ID	Q_len	H_len	Aln_len	Per_ident
Cry22Ba1	105	799	42	59.5238095238095
Cry35Aa1	65	186	29	58.6206896551724
Cry35Aa2	65	186	29	58.6206896551724
Cry35Aa3	65	186	29	58.6206896551724
Cry35Aa4	65	186	29	58.6206896551724
ID	Q_len	H_len	Aln_len	Per_ident
Vip1Aa2	176	976	122	53.2786885245902
Vip1Ba1	157	976	90	57.7777777777778
Vip1Ba2	157	976	91	58.2417582417582
Vip1Bb1	172	976	110	51.8181818181818
Cry35Aa1	77	186	29	58.6206896551724
Cry35Aa2	77	186	29	58.6206896551724
Cry35Aa3	77	186	29	58.6206896551724
Cry35Aa4	77	186	29	58.6206896551724
ID	Q_len	H_len	Aln_len	Per_ident
Cry46Aa	84	231	32	59.375
Cry46Aa2	84	231	32	59.375
Vip1Aa2	219	976	217	49.7695852534562
Cry22Aa1	180	799	21	66.6666666666667
Cry22Aa2	180	799	21	66.6666666666667
Cry22Ab1	180	799	21	66.6666666666667
Cry22Ab2	179	799	21	66.6666666666667
Cry35Aa1	96	186	29	58.6206896551724
Cry35Aa2	96	186	29	58.6206896551724
Cry35Aa3	96	186	29	58.6206896551724
Cry35Aa4	96	186	29	58.6206896551724
ID	Q_len	H_len	Aln_len	Per_ident
Cry22Ba1	211	799	42	59.5238095238095
Cry35Aa1	129	186	29	58.6206896551724
Cry35Aa2	129	186	29	58.6206896551724
Cry35Aa3	129	186	29	58.6206896551724
Cry35Aa4	129	186	29	58.6206896551724
ID	Q_len	H_len	Aln_len	Per_ident
ID	Q_len	H_len	Aln_len	Per_ident
